local module = {
		
		--// Customizations
		HolsteringEnabled = true;
		HolsterClient = false;
		HolsterTo = "Torso"; -- Put the name of the body part you wanna holster to
		HolsterPos = CFrame.new(1,0,0.6) * CFrame.Angles(math.rad(90),0,math.rad(90));
		
		--// Idle Pos
		RightArmPos = CFrame.new(-0.899999976, -0.0156188905, -1.29999995, 0.99999994, 0, 0, 0, -4.37113883e-08, 1, 0, -1, -4.37113883e-08);
		LeftArmPos = CFrame.new(0.5, 1, -1.5, 0.866930544, -0.030129509, 0.497517586, -0.494878262, -0.170964405, 0.851978302, 0.0593880564, -0.98481667, -0.1631248);
		GunPos = CFrame.new(-0.25,-0.9,-0.4) * CFrame.Angles(math.rad(-90),math.rad(0),0,0);
		
		--// Aim Pos
		RightAimPos = CFrame.new(-0.49999997, 0.184381112, -1.0999999, 1, 0, 0, 0, 0, 1, 0, -1, 0);
		LeftAimPos = CFrame.new(1.10000002, 0.800000012, -1.29999995, 0.866930544, -0.030129509, 0.497517586, -0.494878262, -0.170964405, 0.851978302, 0.0593880564, -0.98481667, -0.1631248);
		NeckAimPos = CFrame.new(0, -0.5, 0, -0.932063401, 0, -0.36229521, -0.36229521, 0, 0.932063401, 0, 1, 0);
		
		--// Sprint Pos
		RightSprintPos = CFrame.new(-0.814521611, 0.545648634, -1.4000001, 0.766044438, 0, -0.642787576, 0.604022741, 0.342020124, 0.719846308, 0.219846293, -0.939692616, 0.262002617);
		LeftSprintPos = CFrame.new(0.590257347, 0.998564303, -2.09432173, 0.962854207, 0.0216110349, -0.269155532, 0.265821606, 0.0992661119, 0.958897769, 0.047440812, -0.994826198, 0.0898341835);
		
		--// Patrol Pos
		RightPatrolPos = CFrame.new(-0.899999976, -0.0156189203, -1.29999995, 0.766044438, 0, -0.642787576, 0.556670308, 0.500000179, 0.663413882, 0.321393907, -0.866025329, 0.383022368);
		LeftPatrolPos = CFrame.new(0.49999997, 1.35604727, -1.39584899, 0.987478971, -0.00248758495, -0.157731101, 0.14826563, 0.35611701, 0.922604144, 0.0538756363, -0.934438348, 0.352026761);
		
		--// Ready Pos
		ReadyHighPos = CFrame.new(0.200000018, -1.60000002, 0.400000006, 1, 0, 0, 0, 0.342020154, -0.939692616, 0, 0.939692616, 0.342020154);
		ReadyLowPos = CFrame.new(0, -0.151961327, -0.454007119, 0.939692616, -0.116977766, 0.321393788, 0, 0.939692616, 0.342020124, -0.342020124, -0.321393788, 0.883022189);
		
		--// Shoot Pos
		ShootPos = CFrame.new(0, 0, 0.400000006, 1, 0, 0, 0, 1, 0, 0, 0, 1)
		
	}

return module